5+8

28+8

x<- 8

y = 9

